1101010011011011000000110100110110110011000000110110100110110110000001101101001001101001100101101010010000001010011010011001101101100000011001010101001011001100000011011010011011011001101101100110101000000110100101001101101001010101001100
101101101001101101100100110110000001101010100110101101100000011010100110101101100101101010010110011010000001100101010100110110110011011001011001010100
1101010011011011000000110100110110110011000000110110100110110110000001101101001001101001100101101010010000001010011010011001101101100000011001010101001011001100000011011010011011011001101101100110101000000110100101001101101001010101001100
1101101100101101010011010100000010110011011010010000001010100101010100110110110010101100101101010011010100000011010101001010110010110100110100000010110011010011010100000010110100101100101010110010000001011001100000011010110100101101010011011011001010100100000011011011001010110100000011010100101100110101101100
101101001011001101101001000000101101001011001101101001000000101100110110100101100101001101001010100110000001100101010100100000011010100110101101100101001101001101101000000110110110010101101000000110010101010010000001011010100101001101101001010101001100
11001010101001101101100101011001101101001010101000000101101100101001010100100000011011001001101000000101100110000001100101010100100101001011010000001001101001101010000001101011001101001101101100101101100000011010100101100101101001101011000000101001010100000010110100101001101101001010101001100
1101010100100110101101001011001010110010101001000000110010101010010010100101101000000101101100110110110010110100110101001010100000010101010010110011010100000010101101001101101100101101001101011001001101010000001101001101101100000010110101001010011011010010101010011001101001010011010011011010000001100101010100100110101101100
1101010011011011000000110100110110110011000000110110100110110110000001101101001001101001100101101010010000001010011010011001101101100000011001010101001011001100000011011010011011011001101101100110101000000110100101001101101001010101001100
11011010011011011001101101100110101000000110110010011010000001100101010100100000010110101001011001010100110000001011011001011001010101100100000011010101001101011011000000110101101001011010011010110110010100110100110110100000010101010011011011001011011000000110101010010110100101001101101001010101001100
11001010101001001010010110100000010101101001011010010110010100101101010000001101010010010011010100101010000001101100101001101101001010101001100000010101010010110010101011001000000110101001011001101001101011010010011010100000010100110100000010110000001101101001011010010010011010000001101010100101100110101101100
101101001011001101101001000000101101001011001101101001000000101100110110100101100101001101001010100110000001100101010100100000011010100110101101100101001101001101101000000110110110010101101000000110010101010010000001011010100101001101101001010101001100
10110110010100101101010011010100000011011001001101000000101101100101010100110110110000001101011010010110010101100110110100101010100110000001011001101001101010000001010100101100110100110110100000011001010101001000000101010010101100110100000010100110100000010101101001011010100101001101101001010101001100
10110011010011010100000010110101001001011001011010011010000001100110110110011011011000000101101010010110011001000000110010101010010011010110110000001101101001011010010100100101010110010011010100000010100110000001101101100110100000010100110010101000000101101100101100110101101100
1101010011011011000000110100110110110011000000110110100110110110000001101101001001101001100101101010010000001010011010011001101101100000011001010101001011001100000011011010011011011001101101100110101000000110100101001101101001010101001100
1101101001011010010110010101011001000000110110010011010000001101001001011001011010000001101010010010110011001010101000000101101100101010100110110110000001010100100100000010110110010100110010101010000001101010100101101010010100110100110101001010011010011011010000001010100101001101101001010101001100
110101010010110101001010011010011010100000010011010110110010010101000000110101101001101101100101011001011010100110101000000110101010010110101001011001101101010010000001011010100101001101011001000000110110010011001001101101100101101001010100000010110011010011010100000011010101001000000110110100101100110101101100
101101001011001101101001000000101101001011001101101001000000101100110110100101100101001101001010100110000001100101010100100000011010100110101101100101001101001101101000000110110110010101101000000110010101010010000001011010100101001101101001010101001100
101100110100110101000000110101101100110110110010101100000011011001101011011000000101011010010110011001010101001001011010000001100101010100100101101001000000110110110011010000001100101010100101100110000001010100101100110101000000101010100100101001101101001010101001100
11010110100101011001011010010101001000000110101010010110101001001010100101010000001101100100000011010011011011001011011000000101101100101001100101010100000011010110110011011011001010110010110100000010101101001010010010110100110101101001000000110010010110010110100101010000001010000001011011010010110100101100110101101100
1101010011011011000000110100110110110011000000110110100110110110000001101101001001101001100101101010010000001010011010011001101101100000011001010101001011001100000011011010011011011001101101100110101000000110100101001101101001010101001100
101101001011001101101001000000101101001011001101101001000000101100110110100101100101001101001010100110000001100101010100100000011010100110101101100101001101001101101000000110110110010101101000000110010101010010000001011010100101001101101001010101001100
